version https://git-lfs.github.com/spec/v1
oid sha256:15aed09a396207047c02c90aa159c83c1d7d061e461f4c342a0f3a224e8fb76a
size 63064
